# Created by Octave 11.1.0, Sat Mar 14 18:38:15 2026 UTC
# name: BW_Hz
# type: scalar
150000


# name: CN0_dBHz
# type: scalar
76.696338915243587


# name: CN0_plot
# type: matrix
# rows: 1
# columns: 89
 65.089936771393582 65.37826638938219 65.665385112126103 65.950908282242324 66.2344668005004 66.515710180089968 66.794309111903885 67.069957502958573 67.342373973913766 67.61130282374296 67.876514488684279 68.137805537844713 68.394998258856845 68.647939893803198 68.896501588566252 69.140577118379554 69.380081449319619 69.614949190502557 69.845132985509053 70.070601884653115 70.291339732634071 70.507343599243654 70.71862227441062 70.925194843134818 71.127089350868573 71.324341565686439 71.516993840111979 71.705094072700717 71.888694767332083 72.067852186566654 72.242625594290075 72.413076582115991 72.579268473582715 72.741265799984831 72.89913384167977 73.052938228845278 73.202744595905074 73.348618284147847 73.49062408741662 73.628826036122348 73.763287215217133 73.894069612144449 74.021233991152201 74.14483979070468 74.264945041062447 74.381606299405007 74.494878600156426 74.604815418433191 74.711468644770889 74.814888569499317 74.915123875329755 75.012221636890217 75.106227326098633 75.197184822403358 75.285136427041493 75.370122880574172 75.452183383055001 75.531355616270503 75.607675767568821 75.681178554856388 75.751897252399885 75.81986371712361 75.885108415132777 75.947660448235922 76.007547580269375 76.064796263058838 76.119431661877286 76.171477680280248 76.220956984218901 76.267891025348376 76.312300063461862 76.354203187993335 76.393618338543661 76.43056232439028 76.465050842953417 76.49709849719153 76.526718811910541 76.553924248970702 76.578726221381658 76.601135106277638 76.621160256768349 76.638810012661452 76.654091710055354 76.667011689801654 76.677575304836694 76.685786926383344 76.691649949023429 76.695166794641978 76.696338915243587


# name: CN0_worst
# type: scalar
67.342373973913766


# name: CN_dB
# type: scalar
24.935426324686773


# name: C_N0_req_dBHz
# type: scalar
56.073324964312683


# name: C_N_req_dB
# type: scalar
4.3124123737558691


# name: EIRP_dBW
# type: scalar
8.9897000433601875


# name: Eb_N0_req_dB
# type: scalar
5.5


# name: Eb_N0_req_total_dB
# type: scalar
7.5


# name: FSPL_dB
# type: matrix
# rows: 1
# columns: 6
 144.20422896251455 142.81276327084311 140.31000425924782 138.26644247742479 136.01029745405219 133.45879832951329


# name: FSPL_plot
# type: matrix
# rows: 1
# columns: 89
 145.06520047336329 144.77687085537468 144.48975213263077 144.20422896251455 143.92067044425647 143.6394270646669 143.36082813285299 143.0851797417983 142.81276327084311 142.54383442101391 142.27862275607259 142.01733170691216 141.76013898590003 141.50719735095367 141.25863565619062 141.01456012637732 140.77505579543725 140.54018805425432 140.31000425924782 140.08453536010376 139.8637975121228 139.64779364551322 139.43651497034625 139.22994240162205 139.0280478938883 138.83079567907043 138.63814340464489 138.45004317205616 138.26644247742479 138.08728505819022 137.9125116504668 137.74206066264088 137.57586877117416 137.41387144477204 137.2560034030771 137.10219901591159 136.9523926488518 136.80651896060903 136.66451315734025 136.52631120863452 136.39185002953974 136.26106763261242 136.13390325360467 136.01029745405219 135.89019220369443 135.77353094535187 135.66025864460045 135.55032182632368 135.44366859998598 135.34024867525756 135.24001336942712 135.14291560786666 135.04890991865824 134.95795242235351 134.87000081771538 134.7850143641827 134.70295386170187 134.62378162848637 134.54746147718805 134.47395868990048 134.40323999235699 134.33527352763326 134.2700288296241 134.20747679652095 134.1475896644875 134.09034098169803 134.03570558287959 133.98365956447662 133.93418026053797 133.8872462194085 133.84283718129501 133.80093405676354 133.76151890621321 133.72457492036659 133.69008640180346 133.65803874756534 133.62841843284633 133.60121299578617 133.57641102337521 133.55400213847923 133.53397698798852 133.51632723209542 133.50104553470152 133.48812555495522 133.47756193992018 133.46935031837353 133.46348729573344 133.45997045011489 133.45879832951329


# name: G_T_dB
# type: scalar
-22.335771934590962


# name: G_lna_dB
# type: scalar
20


# name: G_lna_lin
# type: scalar
100


# name: G_rx_dBi
# type: scalar
2.1499999999999999


# name: G_tx_dBi
# type: scalar
3


# name: L_atm_dB
# type: scalar
0.5


# name: L_coax_dB
# type: scalar
0.5


# name: L_coax_lin
# type: scalar
1.1220184543019633


# name: L_misc_dB
# type: scalar
1


# name: L_pol_dB
# type: scalar
3


# name: L_rain_dB
# type: scalar
0.10000000000000001


# name: L_total_dB
# type: scalar
4.5999999999999996


# name: L_tx_dB
# type: scalar
1


# name: NF_cascade_dB
# type: scalar
1.6179791566240023


# name: NF_cascade_lin
# type: scalar
1.451436083442462


# name: NF_lna_dB
# type: scalar
1


# name: NF_lna_lin
# type: scalar
1.2589254117941673


# name: NF_sdr_dB
# type: scalar
6.5


# name: NF_sdr_lin
# type: scalar
4.4668359215096318


# name: N_floor_dBW
# type: scalar
-152.35452461083986


# name: N_floor_dBm
# type: scalar
-122.35452461083986


# name: P_tx_W
# type: scalar
5


# name: P_tx_dBW
# type: scalar
6.9897000433601884


# name: Pr_dBW
# type: scalar
-127.41909828615309


# name: Pr_plot
# type: matrix
# rows: 1
# columns: 89
 -139.02550043000309 -138.73717081201448 -138.45005208927057 -138.16452891915435 -137.88097040089627 -137.59972702130671 -137.32112808949279 -137.0454796984381 -136.77306322748291 -136.50413437765371 -136.23892271271239 -135.97763166355196 -135.72043894253983 -135.46749730759348 -135.21893561283042 -134.97486008301712 -134.73535575207706 -134.50048801089412 -134.27030421588762 -134.04483531674356 -133.8240974687626 -133.60809360215302 -133.39681492698605 -133.19024235826186 -132.9883478505281 -132.79109563571024 -132.59844336128469 -132.41034312869596 -132.22674243406459 -132.04758501483002 -131.8728116071066 -131.70236061928068 -131.53616872781396 -131.37417140141184 -131.2163033597169 -131.0624989725514 -130.9126926054916 -130.76681891724883 -130.62481311398005 -130.48661116527433 -130.35214998617954 -130.22136758925222 -130.09420321024447 -129.97059741069199 -129.85049216033423 -129.73383090199167 -129.62055860124025 -129.51062178296348 -129.40396855662578 -129.30054863189736 -129.20031332606692 -129.10321556450646 -129.00920987529804 -128.91825237899332 -128.83030077435518 -128.7453143208225 -128.66325381834167 -128.58408158512617 -128.50776143382785 -128.43425864654029 -128.36353994899679 -128.29557348427306 -128.2303287862639 -128.16777675316075 -128.1078896211273 -128.05064093833784 -127.99600553951939 -127.94395952111643 -127.89448021717777 -127.8475461760483 -127.80313713793481 -127.76123401340334 -127.72181886285301 -127.68487487700639 -127.65038635844326 -127.61833870420514 -127.58871838948613 -127.56151295242597 -127.53671098001502 -127.51430209511904 -127.49427694462833 -127.47662718873522 -127.46134549134132 -127.44842551159502 -127.43786189655998 -127.42965027501333 -127.42378725237324 -127.4202704067547 -127.41909828615309


# name: Pr_worst_dBW
# type: scalar
-136.77306322748291


# name: R_earth_km
# type: scalar
6371


# name: R_km
# type: scalar
6371


# name: T_ant_K
# type: scalar
150


# name: T_sky_K
# type: scalar
150


# name: T_std_K
# type: scalar
290


# name: T_sys_K
# type: scalar
280.91646419831397


# name: T_sys_dBK
# type: scalar
24.485771934590961


# name: alt_km
# type: scalar
820


# name: c
# type: scalar
300000000


# name: d
# type: scalar
820


# name: d_km
# type: matrix
# rows: 1
# columns: 6
 2825.4354122266086 2407.199582729279 1804.5717272642778 1426.2513213528759 1099.9901813551287 820


# name: d_m
# type: matrix
# rows: 1
# columns: 6
 2825435.4122266085 2407199.5827292791 1804571.7272642779 1426251.321352876 1099990.1813551288 820000


